Evans, T. et al. (2018, AJ)
Wavelength (microns)    Channel 1/2-width(microns) Rpl/Rstar                Rpl/Rstar -1sigma error  Rpl/Rstar+1sigma error   
---------------------------------------------------------------------------------------------------------------------------
3.198661777067261514e-01 3.007751134304736951e-02 1.245813941357200166e-01 9.871187056594010745e-04 1.023721768193805448e-03
3.599775723001046313e-01 1.003388325033108264e-02 1.240183160537838836e-01 8.961692265134629798e-04 8.880830721984950271e-04
3.783974746239057163e-01 8.386019073470030172e-03 1.229472034710828582e-01 1.097039594789642192e-03 1.040166930334915363e-03
3.954451106664808036e-01 8.661616969105057073e-03 1.223353825618102436e-01 7.197887672221320310e-04 7.429832410764114492e-04
4.096061447148525714e-01 5.499417079266738506e-03 1.210389757413182082e-01 6.236879213210033690e-04 6.506956346533365743e-04
4.206047155972034712e-01 5.499153803084161352e-03 1.224600957070295648e-01 6.601861441367234962e-04 6.712423117786331384e-04
4.316025536115013495e-01 5.498684211213689110e-03 1.230169544689357769e-01 6.103556002799853664e-04 6.051482385379669537e-04
4.398503394037732717e-01 2.749101581058260857e-03 1.225832415664892122e-01 9.038097569927239228e-04 8.541145856481857646e-04
4.453483478835824627e-01 2.748906898750874683e-03 1.210081877312178117e-01 7.992013109634071855e-04 7.724767088552186856e-04
4.508459412715197234e-01 2.748686489186413784e-03 1.195920668985137464e-01 7.527199569385273348e-04 7.667740014207780064e-04
4.563430681337130590e-01 2.748440373006921789e-03 1.207812053795059570e-01 7.236443723821900376e-04 7.783736105134025918e-04
4.618396770799698681e-01 2.748168573249859525e-03 1.210639332799570006e-01 7.190017338050136431e-04 7.640344324462561287e-04
4.673357167685623370e-01 2.747871115342637172e-03 1.205341730396084221e-01 9.071597677838966201e-04 9.151212060963531680e-04
4.728311359110005108e-01 2.747548027095536582e-03 1.223952140727008059e-01 7.172767830487813967e-04 6.821778126568783795e-04
4.783258832767906532e-01 2.747199338694605864e-03 1.215938214499137915e-01 6.873116612936269743e-04 7.138405355099769478e-04
4.865663329921870450e-01 5.493250376701785953e-03 1.213026283178233605e-01 6.353009663205844149e-04 6.337369833877976033e-04
4.948055833787875502e-01 2.746000009898719174e-03 1.207652740052250345e-01 7.533991398844946952e-04 7.222028220221360373e-04
5.002971326586582723e-01 2.745549269971975237e-03 1.215938297391649103e-01 8.101885404893371945e-04 8.041669572022708268e-04
5.057877550447926751e-01 2.745073116162455307e-03 1.230307611851834543e-01 8.108631780981839787e-04 7.824194430187947358e-04
5.112773997536793624e-01 2.744571592724232012e-03 1.221953136906327037e-01 8.222581537667139617e-04 7.623721550352041687e-04
5.167660160926232926e-01 2.744044746219698183e-03 1.234356810624709366e-01 8.605160861071825540e-04 9.013637972245247543e-04
5.222535534643504285e-01 2.743492625507437666e-03 1.224152583187627097e-01 7.244158375278864082e-04 8.104969007772522271e-04
5.277399613715867410e-01 2.742915281728930399e-03 1.218330123674610521e-01 7.125612979982237638e-04 7.285724894800782447e-04
5.332251894216120114e-01 2.742312768296339964e-03 1.226482786457115809e-01 9.457116001756332713e-04 9.501020455388309305e-04
5.387091873307862100e-01 2.741685140877803128e-03 1.220286205943425795e-01 9.281152010146703768e-04 9.031934552372611336e-04
5.441919049290480093e-01 2.741032457383996146e-03 1.217176758284737315e-01 8.452707965588002192e-04 8.130896292703054806e-04
5.496732921643849856e-01 2.740354777952980214e-03 1.211222201926198533e-01 7.438548472884359830e-04 7.674909265238671896e-04
5.551532991072722911e-01 2.739652164934380796e-03 1.228888432851509283e-01 8.211881579738428139e-04 8.261322475984905767e-04
5.606318759550811270e-01 2.738924682874399608e-03 1.219573871786417407e-01 8.463338444770901470e-04 8.316938202717477635e-04
5.661089730364541328e-01 2.738172398498550653e-03 1.217188272410539146e-01 1.069550376106176426e-03 1.008872268245128434e-03
5.406445825657965054e-01 1.436827219520853127e-02 1.204126002596606765e-01 7.181695184576009083e-04 8.627879455272852161e-04
5.598856318956081379e-01 4.872777134603101246e-03 1.219525961995474861e-01 9.599845235231663221e-04 9.681253878343343278e-04
5.696322144767157480e-01 4.873805446504508865e-03 1.209141407062504642e-01 1.067172489082848785e-03 1.026771799559927922e-03
5.793808088966811987e-01 4.874788973460997266e-03 1.210666336271451482e-01 1.194907582547255487e-03 1.154725332743147814e-03
5.891313254945577116e-01 4.875727624415460149e-03 1.242774975844340019e-01 7.290208917837687208e-04 7.768220077385562528e-04
5.988836744313350557e-01 4.876621312361884009e-03 1.218176202596227969e-01 7.775622682310440181e-04 7.948254151358552511e-04
6.086377656980654915e-01 4.877469954368551797e-03 1.222978138376374369e-01 1.004656477152157668e-03 1.047053836709485597e-03
6.183935091240334581e-01 4.878273471599414712e-03 1.221385922941589652e-01 8.000008304780564794e-04 8.372142992729009192e-04
6.281508143849670045e-01 4.879031789334076219e-03 1.244814712691996589e-01 8.338595906757090281e-04 8.613633000765091863e-04
6.379095910112888568e-01 4.879744836987776058e-03 1.202325485558212725e-01 1.078832057464396144e-03 1.135014895431787907e-03
6.476697483964057867e-01 4.880412548129209327e-03 1.219462594691070600e-01 7.777456140224958681e-04 7.548146050706944221e-04
6.574311958050329530e-01 4.881034860497901473e-03 1.237659055008715342e-01 8.872045142694073849e-04 8.490803036805688597e-04
6.671938423815515495e-01 4.881611716020695102e-03 1.225179432622747894e-01 8.646766089701191094e-04 8.343033243112252251e-04
6.769575971583986496e-01 4.882143060826460434e-03 1.211717754425415960e-01 1.101162714697651035e-03 1.052828922435466996e-03
6.867223690644856937e-01 4.882628845260639228e-03 1.206343061704175657e-01 9.484117073009362686e-04 9.837188390592610521e-04
6.964880669336440677e-01 4.883069023897679273e-03 1.242894933747214770e-01 1.673513805389909015e-03 1.456635831069252873e-03
7.062545995130948828e-01 4.883463555553135826e-03 1.241352600976818044e-01 8.102028637312630455e-04 7.871722491650939846e-04
7.160218754719429590e-01 4.883812403294940374e-03 1.233232289180739016e-01 8.527329258611188179e-04 8.715528471293643165e-04
7.257898034096899043e-01 4.884115534452004859e-03 1.224921982154144329e-01 8.592945156192244305e-04 8.175534775192727643e-04
7.355582918647656232e-01 4.884372920623769598e-03 1.238048380152800415e-01 1.115131661791987638e-03 1.093598683378188552e-03
7.453272493230764795e-01 4.884584537687086669e-03 1.233313803554666327e-01 8.441229503467345685e-04 8.623808209241995426e-04
7.550965842265663364e-01 4.884750365802714711e-03 1.235235846584138569e-01 9.054244110510284438e-04 8.992659641826189487e-04
7.648662049817900321e-01 4.884870389420981063e-03 1.239553681973126487e-01 1.363063743032383313e-03 1.337119989934826281e-03
7.746360199684956260e-01 4.884944597284612833e-03 1.219839408678733556e-01 1.154865361140067215e-03 1.220477011973475356e-03
7.892908930904174447e-01 9.769928524637150336e-03 1.202971630343304676e-01 1.301369552165046461e-03 1.357389000725475747e-03
8.088304970897417512e-01 9.769675474687211647e-03 1.238722732779705404e-01 9.605402336392010465e-04 9.173696456229590845e-04
8.283692284962203001e-01 9.769055931791392755e-03 1.219020110175326882e-01 1.068293801578620861e-03 1.072679227997086482e-03
8.610910374672005041e-01 2.295275303918870025e-02 1.208116959754232389e-01 7.435559453463636004e-04 6.933501725381457925e-04
9.069863569695048033e-01 2.294256646311565451e-02 1.215737390575023918e-01 8.151729109300287490e-04 8.126214996315994643e-04
9.772260805227745983e-01 4.729715709015414049e-02 1.201213182959230130e-01 9.430635507649276494e-04 9.399828818031086275e-04
1.130182069719201099e+00 9.284099600820883147e-03 1.210574796883439885e-01 6.363539762319347926e-04 5.519145860465729525e-04
1.148750268920842643e+00 9.284099600820661102e-03 1.217882798783986309e-01 4.989200027765983148e-04 5.225612154564907019e-04
1.167318468122484187e+00 9.284099600820772125e-03 1.221929260756384333e-01 5.036319145974854639e-04 6.547315701866673887e-04
1.185886667324125732e+00 9.284099600820772125e-03 1.223224339649528758e-01 5.320851790749647758e-04 5.546194621465355690e-04
1.204454866525767276e+00 9.284099600820661102e-03 1.217654539687924031e-01 4.923981441730951314e-04 4.812113648138965916e-04
1.223023065727408598e+00 9.284099600820772125e-03 1.221933048982376119e-01 4.061833866277203553e-04 4.149861884791689048e-04
1.241591264929050142e+00 9.284099600820772125e-03 1.221568913504812448e-01 3.938322599378180078e-04 4.007057095672117430e-04
1.260159464130691687e+00 9.284099600820772125e-03 1.214410313606307940e-01 5.082595249277788163e-04 5.840857132825283404e-04
1.278727663332333009e+00 9.284099600820661102e-03 1.210047005267371190e-01 3.888492772826795951e-04 3.764360851078313308e-04
1.297295862533974553e+00 9.284099600820883147e-03 1.210148251381195084e-01 4.732629078185168758e-04 4.534879867121449637e-04
1.315864061735616097e+00 9.284099600820661102e-03 1.207410339893448398e-01 4.284548157747342101e-04 3.879925411658796675e-04
1.334432260937257642e+00 9.284099600820772125e-03 1.216708277753345002e-01 4.601552680462694944e-04 4.260443500995192423e-04
1.353000460138899186e+00 9.284099600820772125e-03 1.228695154217726571e-01 4.813200434352765678e-04 5.544818897404435454e-04
1.371568659340540730e+00 9.284099600820772125e-03 1.223756074697691931e-01 4.447474691468139563e-04 4.849413828254267589e-04
1.390136858542182274e+00 9.284099600820661102e-03 1.218106616871824088e-01 5.539278580564827026e-04 5.405934113869720337e-04
1.408705057743823597e+00 9.284099600820772125e-03 1.222995635031763062e-01 4.513879615346688690e-04 4.682146139196041723e-04
1.427273256945465141e+00 9.284099600820772125e-03 1.221835875183284181e-01 7.785043998585067238e-04 6.745670531193015407e-04
1.445841456147106463e+00 9.284099600820661102e-03 1.222172827240255999e-01 5.198204225559110991e-04 5.253178324172574909e-04
1.464409655348748007e+00 9.284099600820883147e-03 1.223345158958195344e-01 4.760799823482486648e-04 4.685160033816165859e-04
1.482977854550389551e+00 9.284099600820661102e-03 1.215685631526906979e-01 5.515698633380833327e-04 5.661483027323693795e-04
1.501546053752031096e+00 9.284099600820772125e-03 1.220072099913162567e-01 4.094682692843271132e-04 4.148088612820066690e-04
1.520114252953672640e+00 9.284099600820772125e-03 1.218065041835574847e-01 5.275705065419106221e-04 5.911625485539306890e-04
1.538682452155314184e+00 9.284099600820772125e-03 1.211595975394419988e-01 5.914008962345229659e-04 6.015139991081830395e-04
1.557250651356955728e+00 9.284099600820661102e-03 1.212512485356117969e-01 7.231492070397388394e-04 6.303346508330781583e-04
1.575818850558597273e+00 9.284099600820883147e-03 1.214179088659128741e-01 4.916747871104854006e-04 6.052210269218150085e-04
1.594387049760238817e+00 9.284099600820661102e-03 1.207874783429528365e-01 5.308868382435938393e-04 5.020287284404484351e-04
1.612955248961880139e+00 9.284099600820772125e-03 1.210579384596110336e-01 5.981758076640947275e-04 5.680488987306886450e-04
1.631523448163521683e+00 9.284099600820772125e-03 1.202020553301663547e-01 5.692746151910038632e-04 6.404693369860270380e-04
